xyz 443.376 0 136.703
xyz 445.806 0 135.988
xyz 448.246 0 135.289
xyz 450.693 0 134.606
xyz 453.148 0 133.939
xyz 455.611 0 133.287
xyz 458.081 0 132.651
xyz 460.558 0 132.031
xyz 463.041 0 131.427
xyz 465.53 0 130.839
xyz 468.025 0 130.266
xyz 470.526 0 129.71
xyz 473.031 0 129.169
xyz 475.542 0 128.644
xyz 478.056 0 128.135
xyz 480.575 0 127.641
xyz 483.097 0 127.164
xyz 485.623 0 126.702
xyz 488.152 0 126.256
xyz 490.683 0 125.826
xyz 493.216 0 125.412
xyz 495.752 0 125.014
xyz 498.289 0 124.632
xyz 500.827 0 124.265
xyz 503.366 0 123.914
xyz 505.905 0 123.58
xyz 508.445 0 123.261
xyz 510.985 0 122.958
xyz 513.524 0 122.67
xyz 516.062 0 122.399
xyz 518.599 0 122.144
xyz 521.134 0 121.904
xyz 523.667 0 121.681
xyz 526.198 0 121.473
xyz 528.727 0 121.281
xyz 531.252 0 121.105
xyz 533.774 0 120.945
xyz 536.293 0 120.801
xyz 538.807 0 120.672
xyz 541.317 0 120.56
xyz 543.823 0 120.463
xyz 546.323 0 120.383
xyz 548.818 0 120.318
xyz 551.307 0 120.269
xyz 553.79 0 120.236
xyz 556.266 0 120.219
xyz 558.736 0 120.218
xyz 561.198 0 120.233
xyz 563.653 0 120.264
xyz 566.1 0 120.311
xyz 568.539 0 120.374
xyz 570.969 0 120.452
xyz 573.391 0 120.547
xyz 575.803 0 120.657
xyz 578.205 0 120.784
xyz 580.598 0 120.926
xyz 582.98 0 121.085
xyz 585.351 0 121.259
xyz 587.712 0 121.449
xyz 590.061 0 121.655
xyz 592.398 0 121.877
xyz 594.724 0 122.116
xyz 597.036 0 122.37
xyz 599.336 0 122.64
xyz 601.623 0 122.926
xyz 603.897 0 123.228
xyz 606.157 0 123.546
xyz 608.402 0 123.88
xyz 610.633 0 124.23
xyz 612.849 0 124.595
xyz 615.05 0 124.977
xyz 617.236 0 125.375
xyz 619.405 0 125.789
xyz 621.558 0 126.219
xyz 623.695 0 126.665
xyz 625.815 0 127.127
xyz 627.917 0 127.605
xyz 630.002 0 128.098
xyz 632.068 0 128.608
xyz 634.116 0 129.134
xyz 636.146 0 129.676
xyz 638.157 0 130.234
xyz 640.148 0 130.808
xyz 642.119 0 131.398
xyz 644.07 0 132.004
xyz 646.001 0 132.626
xyz 647.911 0 133.264
xyz 649.8 0 133.918
xyz 651.667 0 134.588
xyz 653.512 0 135.274
xyz 655.336 0 135.976
xyz 657.136 0 136.694
xyz 658.914 0 137.428
xyz 660.669 0 138.179
xyz 662.399 0 138.945
xyz 664.106 0 139.727
xyz 665.789 0 140.526
xyz 667.447 0 141.34
xyz 669.08 0 142.171
xyz 670.688 0 143.017
xyz 672.269 0 143.88
xyz 672.27 0 143.88
xyz 673.825 0 144.759
xyz 675.355 0 145.653
xyz 676.859 0 146.564
xyz 678.338 0 147.489
xyz 679.79 0 148.43
xyz 681.217 0 149.386
xyz 682.618 0 150.357
xyz 683.994 0 151.342
xyz 685.344 0 152.342
xyz 686.668 0 153.355
xyz 687.968 0 154.383
xyz 689.242 0 155.425
xyz 690.491 0 156.48
xyz 691.714 0 157.548
xyz 692.913 0 158.629
xyz 694.087 0 159.724
xyz 695.236 0 160.831
xyz 696.36 0 161.95
xyz 697.459 0 163.082
xyz 698.534 0 164.226
xyz 699.584 0 165.382
xyz 700.609 0 166.549
xyz 701.61 0 167.728
xyz 702.587 0 168.918
xyz 703.539 0 170.119
xyz 704.467 0 171.33
xyz 705.371 0 172.553
xyz 706.25 0 173.785
xyz 707.106 0 175.028
xyz 707.938 0 176.281
xyz 708.746 0 177.543
xyz 709.53 0 178.815
xyz 710.29 0 180.096
xyz 711.026 0 181.387
xyz 711.739 0 182.686
xyz 712.429 0 183.994
xyz 713.095 0 185.31
xyz 713.737 0 186.635
xyz 714.357 0 187.968
xyz 714.953 0 189.308
xyz 715.525 0 190.656
xyz 716.075 0 192.012
xyz 716.602 0 193.375
xyz 717.106 0 194.744
xyz 717.586 0 196.121
xyz 718.044 0 197.504
xyz 718.48 0 198.893
xyz 718.892 0 200.289
xyz 719.282 0 201.69
xyz 719.65 0 203.097
xyz 719.995 0 204.51
xyz 720.318 0 205.928
xyz 720.618 0 207.351
xyz 720.896 0 208.779
xyz 721.152 0 210.211
xyz 721.386 0 211.648
xyz 721.598 0 213.09
xyz 721.787 0 214.535
xyz 721.955 0 215.984
xyz 722.102 0 217.437
xyz 722.226 0 218.893
xyz 722.329 0 220.352
xyz 722.41 0 221.814
xyz 722.47 0 223.279
xyz 722.508 0 224.747
xyz 722.525 0 226.217
xyz 722.52 0 227.689
xyz 722.495 0 229.162
xyz 722.448 0 230.638
xyz 722.38 0 232.115
xyz 722.291 0 233.593
xyz 722.181 0 235.073
xyz 722.05 0 236.553
xyz 721.899 0 238.034
xyz 721.727 0 239.515
xyz 721.534 0 240.997
xyz 721.32 0 242.478
xyz 721.086 0 243.96
xyz 720.832 0 245.441
xyz 720.557 0 246.921
xyz 720.262 0 248.401
xyz 719.946 0 249.879
xyz 719.611 0 251.356
xyz 719.255 0 252.832
xyz 718.88 0 254.306
xyz 718.484 0 255.778
xyz 718.069 0 257.248
xyz 717.634 0 258.716
xyz 717.179 0 260.181
xyz 716.704 0 261.643
xyz 716.21 0 263.103
xyz 715.696 0 264.559
xyz 715.163 0 266.012
xyz 714.611 0 267.462
xyz 714.039 0 268.907
xyz 713.448 0 270.349
xyz 712.838 0 271.786
xyz 712.209 0 273.219
xyz 711.561 0 274.647
xyz 710.894 0 276.071
xyz 710.894 0 276.071
xyz 710.208 0 277.489
xyz 709.503 0 278.903
xyz 708.78 0 280.311
xyz 708.039 0 281.715
xyz 707.279 0 283.114
xyz 706.501 0 284.508
xyz 705.705 0 285.897
xyz 704.891 0 287.282
xyz 704.06 0 288.662
xyz 703.21 0 290.038
xyz 702.344 0 291.409
xyz 701.46 0 292.776
xyz 700.56 0 294.138
xyz 699.642 0 295.497
xyz 698.707 0 296.851
xyz 697.756 0 298.201
xyz 696.789 0 299.547
xyz 695.805 0 300.889
xyz 694.804 0 302.227
xyz 693.788 0 303.561
xyz 692.756 0 304.891
xyz 691.708 0 306.218
xyz 690.644 0 307.541
xyz 689.565 0 308.86
xyz 688.47 0 310.175
xyz 687.361 0 311.488
xyz 686.236 0 312.796
xyz 685.096 0 314.102
xyz 683.942 0 315.404
xyz 682.773 0 316.702
xyz 681.589 0 317.998
xyz 680.392 0 319.29
xyz 679.18 0 320.58
xyz 677.954 0 321.866
xyz 676.714 0 323.15
xyz 675.46 0 324.43
xyz 674.193 0 325.708
xyz 672.912 0 326.983
xyz 671.619 0 328.255
xyz 670.312 0 329.525
xyz 668.992 0 330.792
xyz 667.659 0 332.057
xyz 666.313 0 333.319
xyz 664.955 0 334.578
xyz 663.584 0 335.836
xyz 662.202 0 337.091
xyz 660.807 0 338.344
xyz 659.4 0 339.595
xyz 657.981 0 340.844
xyz 656.551 0 342.091
xyz 655.109 0 343.336
xyz 653.655 0 344.578
xyz 652.191 0 345.82
xyz 650.715 0 347.059
xyz 649.229 0 348.297
xyz 647.731 0 349.533
xyz 646.223 0 350.767
xyz 644.705 0 352
xyz 643.176 0 353.232
xyz 641.637 0 354.462
xyz 640.087 0 355.691
xyz 638.528 0 356.919
xyz 636.959 0 358.145
xyz 635.381 0 359.37
xyz 633.793 0 360.594
xyz 632.196 0 361.818
xyz 630.589 0 363.04
xyz 628.974 0 364.261
xyz 627.349 0 365.482
xyz 625.716 0 366.702
xyz 624.074 0 367.921
xyz 622.424 0 369.139
xyz 620.765 0 370.357
xyz 619.098 0 371.574
xyz 617.424 0 372.791
xyz 615.741 0 374.008
xyz 614.051 0 375.224
xyz 612.353 0 376.44
xyz 610.648 0 377.656
xyz 608.935 0 378.871
xyz 607.215 0 380.087
xyz 605.488 0 381.302
xyz 603.755 0 382.518
xyz 602.014 0 383.734
xyz 600.268 0 384.95
xyz 598.514 0 386.166
xyz 596.755 0 387.382
xyz 594.989 0 388.599
xyz 593.218 0 389.816
xyz 591.44 0 391.034
xyz 589.657 0 392.252
xyz 587.869 0 393.471
xyz 586.075 0 394.691
xyz 584.275 0 395.911
xyz 582.471 0 397.132
xyz 580.662 0 398.354
xyz 578.848 0 399.577
xyz 577.029 0 400.801
xyz 575.206 0 402.026
xyz 573.378 0 403.252
xyz 573.378 0 403.252
xyz 571.547 0 404.479
xyz 569.711 0 405.707
xyz 567.87 0 406.936
xyz 566.026 0 408.166
xyz 564.178 0 409.396
xyz 562.326 0 410.627
xyz 560.47 0 411.858
xyz 558.61 0 413.089
xyz 556.746 0 414.32
xyz 554.878 0 415.55
xyz 553.007 0 416.78
xyz 551.131 0 418.01
xyz 549.252 0 419.239
xyz 547.37 0 420.467
xyz 545.484 0 421.694
xyz 543.594 0 422.919
xyz 541.7 0 424.143
xyz 539.803 0 425.366
xyz 537.903 0 426.587
xyz 535.999 0 427.806
xyz 534.092 0 429.023
xyz 532.182 0 430.238
xyz 530.268 0 431.451
xyz 528.351 0 432.661
xyz 526.431 0 433.869
xyz 524.508 0 435.073
xyz 522.581 0 436.275
xyz 520.652 0 437.473
xyz 518.719 0 438.669
xyz 516.784 0 439.86
xyz 514.846 0 441.048
xyz 512.904 0 442.233
xyz 510.96 0 443.413
xyz 509.013 0 444.59
xyz 507.063 0 445.762
xyz 505.111 0 446.929
xyz 503.155 0 448.092
xyz 501.197 0 449.251
xyz 499.237 0 450.404
xyz 497.274 0 451.552
xyz 495.308 0 452.696
xyz 493.34 0 453.833
xyz 491.37 0 454.966
xyz 489.397 0 456.092
xyz 487.421 0 457.213
xyz 485.444 0 458.327
xyz 483.464 0 459.436
xyz 481.482 0 460.538
xyz 479.497 0 461.634
xyz 477.511 0 462.723
xyz 475.522 0 463.805
xyz 473.532 0 464.88
xyz 471.539 0 465.948
xyz 469.545 0 467.009
xyz 467.548 0 468.062
xyz 465.55 0 469.108
xyz 463.549 0 470.146
xyz 461.547 0 471.176
xyz 459.543 0 472.198
xyz 457.538 0 473.212
xyz 455.53 0 474.217
xyz 453.521 0 475.213
xyz 451.511 0 476.201
xyz 449.499 0 477.18
xyz 447.485 0 478.15
xyz 445.47 0 479.111
xyz 443.453 0 480.063
xyz 441.435 0 481.004
xyz 439.416 0 481.937
xyz 437.396 0 482.859
xyz 435.374 0 483.771
xyz 433.351 0 484.673
xyz 431.326 0 485.565
xyz 429.301 0 486.447
xyz 427.274 0 487.317
xyz 425.247 0 488.177
xyz 423.218 0 489.026
xyz 421.189 0 489.864
xyz 419.158 0 490.69
xyz 417.127 0 491.505
xyz 415.095 0 492.309
xyz 413.062 0 493.1
xyz 411.028 0 493.88
xyz 408.993 0 494.648
xyz 406.958 0 495.403
xyz 404.922 0 496.146
xyz 402.886 0 496.876
xyz 400.849 0 497.594
xyz 398.811 0 498.299
xyz 396.774 0 498.99
xyz 394.735 0 499.669
xyz 392.696 0 500.334
xyz 390.657 0 500.986
xyz 388.618 0 501.624
xyz 386.578 0 502.248
xyz 384.538 0 502.858
xyz 382.498 0 503.454
xyz 380.458 0 504.035
xyz 378.418 0 504.602
xyz 376.378 0 505.155
xyz 376.378 0 505.155
xyz 374.337 0 505.693
xyz 372.297 0 506.216
xyz 370.257 0 506.724
xyz 368.217 0 507.217
xyz 366.178 0 507.696
xyz 364.138 0 508.161
xyz 362.1 0 508.611
xyz 360.061 0 509.046
xyz 358.024 0 509.467
xyz 355.987 0 509.873
xyz 353.951 0 510.266
xyz 351.915 0 510.644
xyz 349.881 0 511.008
xyz 347.847 0 511.357
xyz 345.815 0 511.693
xyz 343.784 0 512.014
xyz 341.754 0 512.321
xyz 339.725 0 512.615
xyz 337.697 0 512.894
xyz 335.671 0 513.16
xyz 333.647 0 513.411
xyz 331.624 0 513.649
xyz 329.603 0 513.874
xyz 327.583 0 514.084
xyz 325.566 0 514.281
xyz 323.55 0 514.464
xyz 321.536 0 514.634
xyz 319.524 0 514.79
xyz 317.514 0 514.933
xyz 315.507 0 515.062
xyz 313.502 0 515.178
xyz 311.499 0 515.281
xyz 309.499 0 515.37
xyz 307.501 0 515.447
xyz 305.505 0 515.51
xyz 303.512 0 515.56
xyz 301.522 0 515.596
xyz 299.535 0 515.62
xyz 297.551 0 515.631
xyz 295.57 0 515.629
xyz 293.591 0 515.614
xyz 291.616 0 515.587
xyz 289.644 0 515.546
xyz 287.675 0 515.493
xyz 285.71 0 515.427
xyz 283.748 0 515.348
xyz 281.789 0 515.257
xyz 279.834 0 515.154
xyz 277.883 0 515.038
xyz 275.935 0 514.909
xyz 273.991 0 514.768
xyz 272.051 0 514.615
xyz 270.115 0 514.449
xyz 268.183 0 514.271
xyz 266.255 0 514.081
xyz 264.331 0 513.879
xyz 262.412 0 513.665
xyz 260.496 0 513.439
xyz 258.585 0 513.2
xyz 256.679 0 512.95
xyz 254.777 0 512.688
xyz 252.88 0 512.414
xyz 250.987 0 512.128
xyz 249.1 0 511.831
xyz 247.217 0 511.521
xyz 245.339 0 511.2
xyz 243.466 0 510.868
xyz 241.598 0 510.524
xyz 239.735 0 510.168
xyz 237.877 0 509.801
xyz 236.025 0 509.422
xyz 234.178 0 509.033
xyz 232.337 0 508.631
xyz 230.501 0 508.219
xyz 228.671 0 507.795
xyz 226.846 0 507.36
xyz 225.027 0 506.914
xyz 223.214 0 506.457
xyz 221.407 0 505.989
xyz 219.606 0 505.51
xyz 217.811 0 505.02
xyz 216.022 0 504.519
xyz 214.24 0 504.007
xyz 212.463 0 503.485
xyz 210.693 0 502.951
xyz 208.929 0 502.407
xyz 207.172 0 501.853
xyz 205.422 0 501.287
xyz 203.678 0 500.712
xyz 201.941 0 500.125
xyz 200.211 0 499.528
xyz 198.487 0 498.921
xyz 196.771 0 498.304
xyz 195.062 0 497.676
xyz 193.359 0 497.038
xyz 191.664 0 496.39
xyz 189.977 0 495.731
xyz 188.296 0 495.063
xyz 186.623 0 494.384
xyz 184.958 0 493.695
xyz 184.958 0 493.695
xyz 183.3 1.5e-05 492.997
xyz 181.649 0.00012 492.288
xyz 180.007 0.000405 491.57
xyz 178.372 0.00096 490.841
xyz 176.745 0.001875 490.103
xyz 175.125 0.00324 489.355
xyz 173.514 0.005145 488.597
xyz 171.91 0.00767999 487.83
xyz 170.315 0.010935 487.052
xyz 168.727 0.015 486.265
xyz 167.147 0.019965 485.469
xyz 165.575 0.02592 484.662
xyz 164.012 0.032955 483.846
xyz 162.456 0.04116 483.021
xyz 160.909 0.050625 482.185
xyz 159.37 0.06144 481.341
xyz 157.839 0.073695 480.486
xyz 156.317 0.08748 479.623
xyz 154.803 0.102885 478.749
xyz 153.297 0.12 477.867
xyz 151.8 0.138915 476.975
xyz 150.311 0.15972 476.073
xyz 148.831 0.182505 475.163
xyz 147.359 0.20736 474.242
xyz 145.896 0.234375 473.313
xyz 144.441 0.26364 472.375
xyz 142.996 0.295245 471.427
xyz 141.559 0.32928 470.47
xyz 140.13 0.365835 469.503
xyz 138.711 0.405 468.528
xyz 137.301 0.446865 467.544
xyz 135.899 0.49152 466.55
xyz 134.506 0.539055 465.547
xyz 133.123 0.589559 464.536
xyz 131.748 0.643124 463.515
xyz 130.383 0.699839 462.485
xyz 129.026 0.759794 461.447
xyz 127.679 0.823079 460.399
xyz 126.341 0.889784 459.343
xyz 125.013 0.959999 458.277
xyz 123.693 1.03381 457.203
xyz 122.383 1.11132 456.12
xyz 121.083 1.1926 455.029
xyz 119.791 1.27776 453.928
xyz 118.51 1.36687 452.819
xyz 117.238 1.46004 451.701
xyz 115.975 1.55734 450.574
xyz 114.722 1.65888 449.439
xyz 113.478 1.76473 448.295
xyz 112.245 1.875 447.143
xyz 111.021 1.98976 445.982
xyz 109.807 2.10912 444.812
xyz 108.602 2.23315 443.635
xyz 107.408 2.36196 442.448
xyz 106.223 2.49562 441.253
xyz 105.049 2.63424 440.05
xyz 103.884 2.77789 438.838
xyz 102.73 2.92668 437.618
xyz 101.585 3.08068 436.39
xyz 100.451 3.23999 435.153
xyz 99.3265 3.40471 433.908
xyz 98.2125 3.57491 432.655
xyz 97.1088 3.7507 431.394
xyz 96.0154 3.93215 430.124
xyz 94.9323 4.11937 428.846
xyz 93.8596 4.31243 427.56
xyz 92.7973 4.51144 426.267
xyz 91.7456 4.71647 424.964
xyz 90.7043 4.92763 423.654
xyz 89.6736 5.14499 422.336
xyz 88.6534 5.36865 421.01
xyz 87.644 5.59871 419.676
xyz 86.6452 5.83524 418.334
xyz 85.6571 6.07835 416.984
xyz 84.6798 6.32811 415.627
xyz 83.7134 6.58463 414.261
xyz 82.7578 6.84798 412.887
xyz 81.8131 7.11827 411.506
xyz 80.8793 7.39557 410.117
xyz 79.9565 7.67998 408.721
xyz 79.0448 7.9716 407.316
xyz 78.1441 8.2705 405.904
xyz 77.2546 8.57679 404.484
xyz 76.3762 8.89054 403.057
xyz 75.5091 9.21185 401.622
xyz 74.6532 9.54082 400.18
xyz 73.8085 9.87752 398.729
xyz 72.9752 10.2221 397.272
xyz 72.1533 10.5745 395.807
xyz 71.3428 10.935 394.334
xyz 70.5438 11.3035 392.854
xyz 69.7563 11.6803 391.367
xyz 68.9804 12.0653 389.872
xyz 68.216 12.4587 388.37
xyz 67.4633 12.8606 386.861
xyz 66.7222 13.271 385.344
xyz 65.9929 13.6901 383.821
xyz 65.2753 14.1178 382.29
xyz 64.5696 14.5545 380.751
xyz 63.8757 15 379.206
xyz 63.8757 15 379.206
xyz 63.1937 15.4544 377.653
xyz 62.5237 15.9176 376.094
xyz 61.8657 16.3893 374.528
xyz 61.22 16.8691 372.956
xyz 60.5864 17.3569 371.378
xyz 59.9652 17.8523 369.795
xyz 59.3564 18.3551 368.206
xyz 58.7601 18.865 366.613
xyz 58.1764 19.3817 365.015
xyz 57.6054 19.905 363.412
xyz 57.0471 20.4346 361.806
xyz 56.5016 20.9702 360.196
xyz 55.9691 21.5116 358.583
xyz 55.4496 22.0585 356.967
xyz 54.9432 22.6106 355.349
xyz 54.45 23.1677 353.728
xyz 53.9701 23.7294 352.105
xyz 53.5035 24.2956 350.481
xyz 53.0504 24.8658 348.855
xyz 52.6108 25.44 347.228
xyz 52.1849 26.0177 345.601
xyz 51.7726 26.5988 343.973
xyz 51.3741 27.183 342.345
xyz 50.9895 27.7699 340.717
xyz 50.6189 28.3594 339.09
xyz 50.2623 28.9511 337.464
xyz 49.9198 29.5448 335.84
xyz 49.5916 30.1402 334.217
xyz 49.2776 30.737 332.595
xyz 48.9781 31.335 330.976
xyz 48.693 31.9339 329.36
xyz 48.4225 32.5334 327.746
xyz 48.1667 33.1333 326.136
xyz 47.9256 33.7333 324.529
xyz 47.6993 34.3331 322.926
xyz 47.4879 34.9325 321.327
xyz 47.2915 35.5311 319.733
xyz 47.1102 36.1287 318.143
xyz 46.9441 36.7251 316.559
xyz 46.7932 37.32 314.98
xyz 46.6577 37.913 313.407
xyz 46.5375 38.504 311.84
xyz 46.4329 39.0927 310.279
xyz 46.3439 39.6787 308.725
xyz 46.2706 40.2619 307.178
xyz 46.213 40.8419 305.639
xyz 46.1713 41.4184 304.107
xyz 46.1455 41.9913 302.584
xyz 46.1358 42.5603 301.069
xyz 46.1422 43.125 299.562
xyz 46.1647 43.6852 298.064
xyz 46.2036 44.2406 296.576
xyz 46.2588 44.791 295.098
xyz 46.3305 45.3361 293.629
xyz 46.4187 45.8756 292.171
xyz 46.5236 46.4093 290.723
xyz 46.6452 46.9368 289.287
xyz 46.7835 47.4579 287.861
xyz 46.9388 47.9724 286.448
xyz 47.111 48.48 285.046
xyz 47.3003 48.9803 283.656
xyz 47.5068 49.4732 282.279
xyz 47.7304 49.9584 280.915
xyz 47.9714 50.4355 279.564
xyz 48.2298 50.9043 278.227
xyz 48.5057 51.3646 276.903
xyz 48.7992 51.8161 275.594
xyz 49.1103 52.2585 274.299
xyz 49.4391 52.6916 273.019
xyz 49.7858 53.115 271.755
xyz 50.1505 53.5285 270.505
xyz 50.5331 53.9318 269.272
xyz 50.9338 54.3247 268.054
xyz 51.3527 54.7069 266.853
xyz 51.7898 55.0781 265.669
xyz 52.2454 55.438 264.502
xyz 52.7193 55.7865 263.353
xyz 53.2118 56.1231 262.221
xyz 53.7228 56.4477 261.107
xyz 54.2526 56.76 260.011
xyz 54.8012 57.0596 258.935
xyz 55.3686 57.3464 257.877
xyz 55.9549 57.6201 256.839
xyz 56.5603 57.8803 255.82
xyz 57.1849 58.1268 254.821
xyz 57.8286 58.3595 253.843
xyz 58.4916 58.5778 252.885
xyz 59.1741 58.7817 251.949
xyz 59.8759 58.9709 251.033
xyz 60.5974 59.145 250.139
xyz 61.3385 59.3038 249.268
xyz 62.0993 59.447 248.418
xyz 62.8799 59.5744 247.591
xyz 63.6804 59.6857 246.787
xyz 64.5009 59.7806 246.006
xyz 65.3415 59.8589 245.249
xyz 66.2022 59.9202 244.515
xyz 67.0832 59.9643 243.806
xyz 67.9845 59.991 243.121
xyz 68.9062 60 242.462
xyz 68.9062 60 242.462
xyz 69.8484 59.991 241.827
xyz 70.8109 59.9643 241.217
xyz 71.7934 59.9202 240.631
xyz 72.7959 59.8589 240.069
xyz 73.8181 59.7806 239.53
xyz 74.8597 59.6857 239.014
xyz 75.9206 59.5744 238.521
xyz 77.0006 59.447 238.049
xyz 78.0995 59.3038 237.599
xyz 79.217 59.145 237.17
xyz 80.3531 58.9709 236.762
xyz 81.5074 58.7817 236.373
xyz 82.6798 58.5778 236.004
xyz 83.87 58.3595 235.654
xyz 85.0779 58.1269 235.323
xyz 86.3033 57.8803 235.01
xyz 87.5459 57.6201 234.715
xyz 88.8056 57.3464 234.438
xyz 90.0821 57.0596 234.177
xyz 91.3753 56.76 233.932
xyz 92.685 56.4477 233.703
xyz 94.0108 56.1231 233.49
xyz 95.3528 55.7865 233.291
xyz 96.7105 55.4381 233.108
xyz 98.0839 55.0781 232.938
xyz 99.4728 54.7069 232.781
xyz 100.877 54.3247 232.638
xyz 102.296 53.9318 232.508
xyz 103.73 53.5285 232.389
xyz 105.178 53.115 232.283
xyz 106.641 52.6916 232.187
xyz 108.119 52.2585 232.103
xyz 109.61 51.8161 232.029
xyz 111.115 51.3647 231.964
xyz 112.633 50.9044 231.909
xyz 114.166 50.4355 231.863
xyz 115.711 49.9584 231.825
xyz 117.269 49.4732 231.796
xyz 118.84 48.9803 231.774
xyz 120.424 48.48 231.759
xyz 122.02 47.9724 231.75
xyz 123.628 47.458 231.748
xyz 125.248 46.9368 231.751
xyz 126.88 46.4093 231.76
xyz 128.524 45.8756 231.773
xyz 130.179 45.3361 231.791
xyz 131.845 44.791 231.813
xyz 133.522 44.2406 231.837
xyz 135.21 43.6852 231.865
xyz 136.909 43.125 231.895
xyz 138.618 42.5603 231.927
xyz 140.337 41.9914 231.961
xyz 142.066 41.4185 231.996
xyz 143.804 40.8419 232.031
xyz 145.553 40.2619 232.066
xyz 147.31 39.6787 232.101
xyz 149.077 39.0927 232.136
xyz 150.853 38.504 232.168
xyz 152.638 37.9131 232.2
xyz 154.431 37.32 232.229
xyz 156.232 36.7251 232.255
xyz 158.042 36.1288 232.278
xyz 159.859 35.5311 232.298
xyz 161.684 34.9325 232.313
xyz 163.517 34.3331 232.324
xyz 165.357 33.7333 232.33
xyz 167.205 33.1333 232.33
xyz 169.059 32.5334 232.325
xyz 170.92 31.9339 232.313
xyz 172.787 31.335 232.294
xyz 174.661 30.737 232.268
xyz 176.541 30.1402 232.234
xyz 178.426 29.5448 232.192
xyz 180.318 28.9511 232.142
xyz 182.215 28.3594 232.082
xyz 184.117 27.7699 232.012
xyz 186.025 27.183 231.932
xyz 187.937 26.5989 231.842
xyz 189.854 26.0178 231.741
xyz 191.775 25.44 231.628
xyz 193.701 24.8659 231.503
xyz 195.631 24.2956 231.366
xyz 197.565 23.7294 231.216
xyz 199.502 23.1677 231.053
xyz 201.443 22.6106 230.876
xyz 203.387 22.0585 230.684
xyz 205.334 21.5117 230.478
xyz 207.285 20.9703 230.257
xyz 209.237 20.4346 230.019
xyz 211.193 19.905 229.766
xyz 213.15 19.3817 229.496
xyz 215.11 18.865 229.209
xyz 217.071 18.3551 228.905
xyz 219.034 17.8523 228.583
xyz 220.999 17.3569 228.242
xyz 222.965 16.8691 227.882
xyz 224.932 16.3893 227.503
xyz 226.899 15.9177 227.104
xyz 228.868 15.4545 226.684
xyz 230.836 15 226.244
xyz 230.837 15 226.244
xyz 232.806 14.5545 225.783
xyz 234.775 14.1179 225.301
xyz 236.745 13.6901 224.798
xyz 238.715 13.271 224.275
xyz 240.686 12.8606 223.733
xyz 242.658 12.4588 223.171
xyz 244.63 12.0654 222.59
xyz 246.603 11.6803 221.991
xyz 248.577 11.3036 221.373
xyz 250.553 10.935 220.737
xyz 252.529 10.5745 220.084
xyz 254.506 10.2221 219.413
xyz 256.485 9.87754 218.726
xyz 258.465 9.54084 218.022
xyz 260.447 9.21187 217.302
xyz 262.43 8.89056 216.567
xyz 264.415 8.5768 215.816
xyz 266.401 8.27052 215.051
xyz 268.389 7.97161 214.27
xyz 270.379 7.68 213.476
xyz 272.371 7.39558 212.668
xyz 274.366 7.11828 211.846
xyz 276.362 6.84799 211.011
xyz 278.36 6.58464 210.163
xyz 280.361 6.32812 209.303
xyz 282.365 6.07836 208.432
xyz 284.37 5.83525 207.548
xyz 286.379 5.59872 206.653
xyz 288.39 5.36866 205.748
xyz 290.403 5.145 204.831
xyz 292.42 4.92763 203.905
xyz 294.439 4.71648 202.969
xyz 296.462 4.51144 202.024
xyz 298.488 4.31244 201.069
xyz 300.516 4.11937 200.106
xyz 302.548 3.93216 199.135
xyz 304.584 3.7507 198.156
xyz 306.623 3.57492 197.169
xyz 308.665 3.40471 196.175
xyz 310.711 3.24 195.174
xyz 312.761 3.08069 194.167
xyz 314.815 2.92668 193.154
xyz 316.872 2.7779 192.135
xyz 318.933 2.63424 191.111
xyz 320.999 2.49563 190.081
xyz 323.068 2.36196 189.048
xyz 325.142 2.23316 188.01
xyz 327.22 2.10912 186.968
xyz 329.303 1.98977 185.923
xyz 331.39 1.875 184.874
xyz 333.481 1.76474 183.823
xyz 335.578 1.65888 182.77
xyz 337.679 1.55735 181.714
xyz 339.784 1.46004 180.657
xyz 341.895 1.36688 179.599
xyz 344.011 1.27776 178.54
xyz 346.132 1.19261 177.48
xyz 348.258 1.11132 176.421
xyz 350.389 1.03382 175.361
xyz 352.526 0.960001 174.302
xyz 354.668 0.889786 173.245
xyz 356.815 0.823081 172.188
xyz 358.969 0.759796 171.133
xyz 361.127 0.699841 170.08
xyz 363.292 0.643126 169.03
xyz 365.463 0.589561 167.983
xyz 367.639 0.539056 166.939
xyz 369.822 0.491521 165.898
xyz 372.011 0.446866 164.861
xyz 374.205 0.405 163.829
xyz 376.407 0.365835 162.801
xyz 378.614 0.32928 161.779
xyz 380.828 0.295245 160.761
xyz 383.049 0.26364 159.75
xyz 385.276 0.234375 158.745
xyz 387.51 0.20736 157.746
xyz 389.751 0.182505 156.754
xyz 391.999 0.15972 155.77
xyz 394.254 0.138915 154.793
xyz 396.516 0.12 153.824
xyz 398.785 0.102885 152.864
xyz 401.061 0.0874798 151.912
xyz 403.345 0.0736947 150.97
xyz 405.636 0.0614397 150.037
xyz 407.935 0.0506246 149.113
xyz 410.241 0.0411596 148.201
xyz 412.555 0.0329545 147.298
xyz 414.877 0.0259194 146.407
xyz 417.206 0.0199644 145.527
xyz 419.544 0.0149994 144.659
xyz 421.889 0.0109343 143.803
xyz 424.243 0.00767927 142.959
xyz 426.605 0.00514423 142.128
xyz 428.975 0.0032392 141.311
xyz 431.354 0.00187417 140.507
xyz 433.741 0.00095915 139.717
xyz 436.136 0.000404131 138.941
xyz 438.541 0.000119117 138.18
xyz 440.954 1.41088e-05 137.434
xyz 443.375 -8.94069e-07 136.703
